1.500000000000000000e+00
4.500000000000000000e+00
7.500000000000000000e+00
1.050000000000000000e+01
1.350000000000000000e+01
1.650000000000000000e+01
1.950000000000000000e+01
2.250000000000000000e+01
2.550000000000000000e+01
2.850000000000000000e+01
3.150000000000000000e+01
3.450000000000000000e+01
3.750000000000000000e+01
4.050000000000000000e+01
4.350000000000000000e+01
4.650000000000000000e+01
4.950000000000000000e+01
5.250000000000000000e+01
5.550000000000000000e+01
5.850000000000000000e+01
6.150000000000000000e+01
6.450000000000000000e+01
6.750000000000000000e+01
7.050000000000000000e+01
7.350000000000000000e+01
7.650000000000000000e+01
7.950000000000000000e+01
8.250000000000000000e+01
8.550000000000000000e+01
8.850000000000000000e+01
9.150000000000000000e+01
9.450000000000000000e+01
9.750000000000000000e+01
1.005000000000000000e+02
1.035000000000000000e+02
1.065000000000000000e+02
1.095000000000000000e+02
1.125000000000000000e+02
1.155000000000000000e+02
1.185000000000000000e+02
1.215000000000000000e+02
1.245000000000000000e+02
1.275000000000000000e+02
1.305000000000000000e+02
1.335000000000000000e+02
1.365000000000000000e+02
1.395000000000000000e+02
1.425000000000000000e+02
1.455000000000000000e+02
1.485000000000000000e+02
1.515000000000000000e+02
1.545000000000000000e+02
1.575000000000000000e+02
1.605000000000000000e+02
1.635000000000000000e+02
1.665000000000000000e+02
1.695000000000000000e+02
1.725000000000000000e+02
1.755000000000000000e+02
1.785000000000000000e+02
1.815000000000000000e+02
1.845000000000000000e+02
1.875000000000000000e+02
1.905000000000000000e+02
1.935000000000000000e+02
1.965000000000000000e+02
1.995000000000000000e+02
2.025000000000000000e+02
2.055000000000000000e+02
2.085000000000000000e+02
2.115000000000000000e+02
2.145000000000000000e+02
2.175000000000000000e+02
2.205000000000000000e+02
2.235000000000000000e+02
2.265000000000000000e+02
2.295000000000000000e+02
2.325000000000000000e+02
2.355000000000000000e+02
2.385000000000000000e+02
2.415000000000000000e+02
2.445000000000000000e+02
2.475000000000000000e+02
2.505000000000000000e+02
2.535000000000000000e+02
2.565000000000000000e+02
2.595000000000000000e+02
2.625000000000000000e+02
2.655000000000000000e+02
2.685000000000000000e+02
2.715000000000000000e+02
2.745000000000000000e+02
2.775000000000000000e+02
2.805000000000000000e+02
2.835000000000000000e+02
2.865000000000000000e+02
2.895000000000000000e+02
2.925000000000000000e+02
2.955000000000000000e+02
2.985000000000000000e+02
3.015000000000000000e+02
3.045000000000000000e+02
3.075000000000000000e+02
3.105000000000000000e+02
3.135000000000000000e+02
3.165000000000000000e+02
3.195000000000000000e+02
3.225000000000000000e+02
3.255000000000000000e+02
3.285000000000000000e+02
3.315000000000000000e+02
3.345000000000000000e+02
3.375000000000000000e+02
3.405000000000000000e+02
3.435000000000000000e+02
3.465000000000000000e+02
3.495000000000000000e+02
3.525000000000000000e+02
3.555000000000000000e+02
3.585000000000000000e+02
3.615000000000000000e+02
3.645000000000000000e+02
3.675000000000000000e+02
3.705000000000000000e+02
3.735000000000000000e+02
3.765000000000000000e+02
3.795000000000000000e+02
3.825000000000000000e+02
3.855000000000000000e+02
3.885000000000000000e+02
3.915000000000000000e+02
3.945000000000000000e+02
3.975000000000000000e+02
4.005000000000000000e+02
4.035000000000000000e+02
4.065000000000000000e+02
4.095000000000000000e+02
4.125000000000000000e+02
4.155000000000000000e+02
4.185000000000000000e+02
4.215000000000000000e+02
4.245000000000000000e+02
4.275000000000000000e+02
4.305000000000000000e+02
4.335000000000000000e+02
4.365000000000000000e+02
4.395000000000000000e+02
4.425000000000000000e+02
4.455000000000000000e+02
4.485000000000000000e+02
4.515000000000000000e+02
4.545000000000000000e+02
4.575000000000000000e+02
4.605000000000000000e+02
4.635000000000000000e+02
4.665000000000000000e+02
4.695000000000000000e+02
4.725000000000000000e+02
4.755000000000000000e+02
4.785000000000000000e+02
4.815000000000000000e+02
4.845000000000000000e+02
4.875000000000000000e+02
4.905000000000000000e+02
4.935000000000000000e+02
4.965000000000000000e+02
4.995000000000000000e+02
5.025000000000000000e+02
5.055000000000000000e+02
5.085000000000000000e+02
5.115000000000000000e+02
5.145000000000000000e+02
5.175000000000000000e+02
5.205000000000000000e+02
5.235000000000000000e+02
5.265000000000000000e+02
5.295000000000000000e+02
5.325000000000000000e+02
5.355000000000000000e+02
5.385000000000000000e+02
5.415000000000000000e+02
5.445000000000000000e+02
5.475000000000000000e+02
5.505000000000000000e+02
5.535000000000000000e+02
5.565000000000000000e+02
5.595000000000000000e+02
5.625000000000000000e+02
5.655000000000000000e+02
5.685000000000000000e+02
5.715000000000000000e+02
5.745000000000000000e+02
5.775000000000000000e+02
5.805000000000000000e+02
5.835000000000000000e+02
5.865000000000000000e+02
5.895000000000000000e+02
5.925000000000000000e+02
5.955000000000000000e+02
5.985000000000000000e+02
6.015000000000000000e+02
6.045000000000000000e+02
6.075000000000000000e+02
6.105000000000000000e+02
6.135000000000000000e+02
6.165000000000000000e+02
6.195000000000000000e+02
6.225000000000000000e+02
6.255000000000000000e+02
6.285000000000000000e+02
6.315000000000000000e+02
6.345000000000000000e+02
6.375000000000000000e+02
