r_tip (R_part in last pos): [ 2.6  7.8 13.  18.2 23.4 28.6 33.8 39.  13. ]
Lpx: [1.66666667 0.92105263 0.63636364 0.48611111 0.39325843 0.33018868
 0.28455285 0.25      ]
digital map volume: [0.9992545654279623]
dilation map volume: [1.15595829 1.30629262 1.33471818 1.35101647 1.36980451 1.36414304
 1.37021071 1.37044795 2.1298274  2.19114363 2.22481199 2.23497056
 2.2412795  2.24400467 2.24422207 2.24604383 3.11944891 3.17423005
 3.17958958 3.19222634 3.19461704 3.19503033 3.19737411 3.19642834
 4.11705627 4.15212517 4.15579384 4.15704408 4.15807324 4.15874641
 4.15930384 4.15949223 5.09652813 5.11181069 5.11756064 5.11771933
 5.11902006 5.11934049 5.11921121 5.11959838 6.05518593 6.07520435
 6.07791994 6.07867856 6.07916295 6.07900233 6.07926158 6.07942277
 7.02498909 7.03553021 7.0377686  7.03874893 7.0391698  7.03941074
 7.03956554 7.03944639 7.97245965 7.99219679 7.99638279 7.99797841
 7.99910091 7.99940812 7.99957993 7.9996912 ]
x_surf, surface profile, x dilated, map profile
[-12.75 -12.5  -12.25 -12.   -11.75 -11.5  -11.25 -11.   -10.75 -10.5
 -10.25 -10.    -9.75  -9.5   -9.25  -9.    -8.75  -8.5   -8.25  -8.
  -7.75  -7.5   -7.25  -7.    -6.75  -6.5   -6.25  -6.    -5.75  -5.5
  -5.25  -5.    -4.75  -4.5   -4.25  -4.    -3.75  -3.5   -3.25  -3.
  -2.75  -2.5   -2.25  -2.    -1.75  -1.5   -1.25  -1.    -0.75  -0.5
  -0.25   0.     0.25   0.5    0.75   1.     1.25   1.5    1.75   2.
   2.25   2.5    2.75   3.     3.25   3.5    3.75   4.     4.25   4.5
   4.75   5.     5.25   5.5    5.75   6.     6.25   6.5    6.75   7.
   7.25   7.5    7.75   8.     8.25   8.5    8.75   9.     9.25   9.5
   9.75  10.    10.25  10.5   10.75  11.    11.25  11.5   11.75  12.
  12.25  12.5   12.75]
[1.19517099 1.27467032 1.33474798 1.38461538 1.42785761 1.46632137
 1.50110824 1.53293871 1.56231506 1.58960422 1.61508406 1.63897107
 1.66143783 1.68262459 1.70264715 1.72160242 1.73957248 1.75662752
 1.77282813 1.78822698 1.80287022 1.81679848 1.83004776 1.84265009
 1.85463408 1.8660254  1.87684716 1.8871202  1.89686337 1.90609377
 1.91482691 1.92307692 1.93085664 1.93817776 1.94505095 1.95148591
 1.95749148 1.96307569 1.96824584 1.97300851 1.97736967 1.98133468
 1.98490831 1.98809481 1.99089793 1.99332089 1.99536648 1.99703703
 1.99833441 1.99926008 1.99981507 2.         1.99981507 1.99926008
 1.99833441 1.99703703 1.99536648 1.99332089 1.99089793 1.98809481
 1.98490831 1.98133468 1.97736967 1.97300851 1.96824584 1.96307569
 1.95749148 1.95148591 1.94505095 1.93817776 1.93085664 1.92307692
 1.91482691 1.90609377 1.89686337 1.8871202  1.87684716 1.8660254
 1.85463408 1.84265009 1.83004776 1.81679848 1.80287022 1.78822698
 1.77282813 1.75662752 1.73957248 1.72160242 1.70264715 1.68262459
 1.66143783 1.63897107 1.61508406 1.58960422 1.56231506 1.53293871
 1.50110824 1.46632137 1.42785761 1.38461538 1.33474798 1.27467032
 1.19517099]

[-15.25 -15.   -14.75 -14.5  -14.25 -14.   -13.75 -13.5  -13.25 -13.
 -12.75 -12.5  -12.25 -12.   -11.75 -11.5  -11.25 -11.   -10.75 -10.5
 -10.25 -10.    -9.75  -9.5   -9.25  -9.    -8.75  -8.5   -8.25  -8.
  -7.75  -7.5   -7.25  -7.    -6.75  -6.5   -6.25  -6.    -5.75  -5.5
  -5.25  -5.    -4.75  -4.5   -4.25  -4.    -3.75  -3.5   -3.25  -3.
  -2.75  -2.5   -2.25  -2.    -1.75  -1.5   -1.25  -1.    -0.75  -0.5
  -0.25   0.     0.25   0.5    0.75   1.     1.25   1.5    1.75   2.
   2.25   2.5    2.75   3.     3.25   3.5    3.75   4.     4.25   4.5
   4.75   5.     5.25   5.5    5.75   6.     6.25   6.5    6.75   7.
   7.25   7.5    7.75   8.     8.25   8.5    8.75   9.     9.25   9.5
   9.75  10.    10.25  10.5   10.75  11.    11.25  11.5   11.75  12.
  12.25  12.5   12.75  13.    13.25  13.5   13.75  14.    14.25  14.5
  14.75  15.  ]
[1.05010506 1.12960439 1.18968205 1.23954945 1.28483703 1.32807925
 1.36654302 1.40132989 1.43316036 1.46253671 1.49010927 1.51739843
 1.54287827 1.56676528 1.58923204 1.6104188  1.63053909 1.65056165
 1.66951692 1.68748698 1.70454202 1.72074262 1.73618782 1.75158668
 1.76622992 1.78015818 1.79340746 1.80600979 1.81801952 1.83000351
 1.84139484 1.8522166  1.86248963 1.8722328  1.88147876 1.89070915
 1.8994423  1.90769231 1.91547202 1.92279315 1.92967606 1.93654925
 1.94298421 1.94898978 1.95457399 1.95974413 1.96451277 1.96927545
 1.97363661 1.97760161 1.98117525 1.98436175 1.98716811 1.98997122
 1.99239419 1.99443978 1.99611033 1.99740771 1.99833441 1.99926008
 1.99981507 2.         1.99981507 1.99926008 1.99833441 1.99740771
 1.99611033 1.99443978 1.99239419 1.98997122 1.98716811 1.98436175
 1.98117525 1.97760161 1.97363661 1.96927545 1.96451277 1.95974413
 1.95457399 1.94898978 1.94298421 1.93654925 1.92967606 1.92279315
 1.91547202 1.90769231 1.8994423  1.89070915 1.88147876 1.8722328
 1.86248963 1.8522166  1.84139484 1.83000351 1.81801952 1.80600979
 1.79340746 1.78015818 1.76622992 1.75158668 1.73618782 1.72074262
 1.70454202 1.68748698 1.66951692 1.65056165 1.63053909 1.6104188
 1.58923204 1.56676528 1.54287827 1.51739843 1.49010927 1.46253671
 1.43316036 1.40132989 1.36654302 1.32807925 1.28483703 1.23496963
 1.17489197 1.09539264]

[-20.5  -20.25 -20.   -19.75 -19.5  -19.25 -19.   -18.75 -18.5  -18.25
 -18.   -17.75 -17.5  -17.25 -17.   -16.75 -16.5  -16.25 -16.   -15.75
 -15.5  -15.25 -15.   -14.75 -14.5  -14.25 -14.   -13.75 -13.5  -13.25
 -13.   -12.75 -12.5  -12.25 -12.   -11.75 -11.5  -11.25 -11.   -10.75
 -10.5  -10.25 -10.    -9.75  -9.5   -9.25  -9.    -8.75  -8.5   -8.25
  -8.    -7.75  -7.5   -7.25  -7.    -6.75  -6.5   -6.25  -6.    -5.75
  -5.5   -5.25  -5.    -4.75  -4.5   -4.25  -4.    -3.75  -3.5   -3.25
  -3.    -2.75  -2.5   -2.25  -2.    -1.75  -1.5   -1.25  -1.    -0.75
  -0.5   -0.25   0.     0.25   0.5    0.75   1.     1.25   1.5    1.75
   2.     2.25   2.5    2.75   3.     3.25   3.5    3.75   4.     4.25
   4.5    4.75   5.     5.25   5.5    5.75   6.     6.25   6.5    6.75
   7.     7.25   7.5    7.75   8.     8.25   8.5    8.75   9.     9.25
   9.5    9.75  10.    10.25  10.5   10.75  11.    11.25  11.5   11.75
  12.    12.25  12.5   12.75  13.    13.25  13.5   13.75  14.    14.25
  14.5   14.75  15.    15.25  15.5   15.75  16.    16.25  16.5   16.75
  17.    17.25  17.5   17.75  18.    18.25  18.5   18.75  19.    19.25
  19.5   19.75  20.    20.25]
[0.66299865 0.75997319 0.83947252 0.89955018 0.95606064 1.00592804
 1.04930232 1.09254454 1.1310083  1.16698631 1.20177318 1.23360365
 1.26460119 1.29397754 1.32128713 1.34857629 1.37405613 1.3984667
 1.42235371 1.44482047 1.46685601 1.48804278 1.50807249 1.52809505
 1.54705033 1.56534591 1.58331597 1.60037101 1.6171392  1.63333981
 1.64874207 1.66414093 1.67878417 1.69294931 1.70687757 1.72012685
 1.73315938 1.74576171 1.7577476  1.76973159 1.78112291 1.7921337
 1.80295546 1.8132285  1.82332426 1.83306743 1.84229898 1.85152937
 1.86026252 1.86867307 1.87692308 1.88470279 1.89232924 1.89965036
 1.90652427 1.91339746 1.91983242 1.9259808  1.93198637 1.93757058
 1.94301652 1.94818666 1.95294978 1.95771245 1.96207361 1.96617048
 1.97013549 1.97370912 1.97715356 1.98034007 1.98314342 1.98594653
 1.98836949 1.99054078 1.99258637 1.99425692 1.99580302 1.9971004
 1.99802615 1.99895182 1.99950681 1.99981507 2.         1.99981507
 1.99950681 1.99895182 1.99802615 1.9971004  1.99580302 1.99425692
 1.99258637 1.99054078 1.98836949 1.98594653 1.98314342 1.98034007
 1.97715356 1.97370912 1.97013549 1.96617048 1.96207361 1.95771245
 1.95294978 1.94818666 1.94301652 1.93757058 1.93198637 1.9259808
 1.91983242 1.91339746 1.90652427 1.89965036 1.89232924 1.88470279
 1.87692308 1.86867307 1.86026252 1.85152937 1.84229898 1.83306743
 1.82332426 1.8132285  1.80295546 1.7921337  1.78112291 1.76973159
 1.7577476  1.74576171 1.73315938 1.72012685 1.70687757 1.69294931
 1.67878417 1.66414093 1.64874207 1.63333981 1.6171392  1.60037101
 1.58331597 1.56534591 1.54705033 1.52809505 1.50807249 1.48804278
 1.46685601 1.44482047 1.42235371 1.3984667  1.37405613 1.34857629
 1.32128713 1.29397754 1.26460119 1.23360365 1.20177318 1.16698631
 1.1310083  1.09254454 1.04930232 1.00592804 0.95606064 0.89955018
 0.83947252 0.75997319]

[-25.5  -25.25 -25.   -24.75 -24.5  -24.25 -24.   -23.75 -23.5  -23.25
 -23.   -22.75 -22.5  -22.25 -22.   -21.75 -21.5  -21.25 -21.   -20.75
 -20.5  -20.25 -20.   -19.75 -19.5  -19.25 -19.   -18.75 -18.5  -18.25
 -18.   -17.75 -17.5  -17.25 -17.   -16.75 -16.5  -16.25 -16.   -15.75
 -15.5  -15.25 -15.   -14.75 -14.5  -14.25 -14.   -13.75 -13.5  -13.25
 -13.   -12.75 -12.5  -12.25 -12.   -11.75 -11.5  -11.25 -11.   -10.75
 -10.5  -10.25 -10.    -9.75  -9.5   -9.25  -9.    -8.75  -8.5   -8.25
  -8.    -7.75  -7.5   -7.25  -7.    -6.75  -6.5   -6.25  -6.    -5.75
  -5.5   -5.25  -5.    -4.75  -4.5   -4.25  -4.    -3.75  -3.5   -3.25
  -3.    -2.75  -2.5   -2.25  -2.    -1.75  -1.5   -1.25  -1.    -0.75
  -0.5   -0.25   0.     0.25   0.5    0.75   1.     1.25   1.5    1.75
   2.     2.25   2.5    2.75   3.     3.25   3.5    3.75   4.     4.25
   4.5    4.75   5.     5.25   5.5    5.75   6.     6.25   6.5    6.75
   7.     7.25   7.5    7.75   8.     8.25   8.5    8.75   9.     9.25
   9.5    9.75  10.    10.25  10.5   10.75  11.    11.25  11.5   11.75
  12.    12.25  12.5   12.75  13.    13.25  13.5   13.75  14.    14.25
  14.5   14.75  15.    15.25  15.5   15.75  16.    16.25  16.5   16.75
  17.    17.25  17.5   17.75  18.    18.25  18.5   18.75  19.    19.25
  19.5   19.75  20.    20.25  20.5   20.75  21.    21.25  21.5   21.75
  22.    22.25  22.5   22.75  23.    23.25  23.5   23.75  24.    24.25
  24.5   24.75  25.    25.25  25.5 ]
[0.39034198 0.46984132 0.54934065 0.60941831 0.66949597 0.71936337
 0.76923077 0.81247299 0.85571521 0.89417898 0.93264274 0.96742961
 1.00221648 1.03404695 1.06587742 1.09525377 1.12463012 1.15191928
 1.17920844 1.20468828 1.23016812 1.25405513 1.27794213 1.30040889
 1.32287566 1.34406242 1.36524918 1.38527174 1.4052943  1.42424957
 1.44320485 1.46117491 1.47914496 1.4962     1.51325504 1.52945565
 1.54565625 1.56105511 1.57645396 1.5910972  1.60574044 1.6196687
 1.63359697 1.64684625 1.66009553 1.67269785 1.68530018 1.69728417
 1.70926816 1.72065948 1.73205081 1.74287257 1.75369433 1.76396736
 1.7742404  1.78398357 1.79372674 1.80295714 1.81218754 1.82092068
 1.82965383 1.83790384 1.84615385 1.85393356 1.86171328 1.8690344
 1.87635553 1.88322871 1.8901019  1.89653687 1.90297183 1.9089774
 1.91498297 1.92056718 1.92615139 1.93132153 1.93649167 1.94125435
 1.94601702 1.95037818 1.95473935 1.95870435 1.96266936 1.96624299
 1.96981662 1.97300312 1.97618963 1.97899274 1.98179585 1.98421882
 1.98664178 1.98868737 1.99073297 1.99240351 1.99407406 1.99537144
 1.99666882 1.99759449 1.99852016 1.99907515 1.99963014 1.99981507
 2.         1.99981507 1.99963014 1.99907515 1.99852016 1.99759449
 1.99666882 1.99537144 1.99407406 1.99240351 1.99073297 1.98868737
 1.98664178 1.98421882 1.98179585 1.97899274 1.97618963 1.97300312
 1.96981662 1.96624299 1.96266936 1.95870435 1.95473935 1.95037818
 1.94601702 1.94125435 1.93649167 1.93132153 1.92615139 1.92056718
 1.91498297 1.9089774  1.90297183 1.89653687 1.8901019  1.88322871
 1.87635553 1.8690344  1.86171328 1.85393356 1.84615385 1.83790384
 1.82965383 1.82092068 1.81218754 1.80295714 1.79372674 1.78398357
 1.7742404  1.76396736 1.75369433 1.74287257 1.73205081 1.72065948
 1.70926816 1.69728417 1.68530018 1.67269785 1.66009553 1.64684625
 1.63359697 1.6196687  1.60574044 1.5910972  1.57645396 1.56105511
 1.54565625 1.52945565 1.51325504 1.4962     1.47914496 1.46117491
 1.44320485 1.42424957 1.4052943  1.38527174 1.36524918 1.34406242
 1.32287566 1.30040889 1.27794213 1.25405513 1.23016812 1.20468828
 1.17920844 1.15191928 1.12463012 1.09525377 1.06587742 1.03404695
 1.00221648 0.96742961 0.93264274 0.89417898 0.85571521 0.81247299
 0.76923077 0.71936337 0.66949597 0.60941831 0.54934065 0.46984132
 0.39034198]

[-30.5  -30.25 -30.   -29.75 -29.5  -29.25 -29.   -28.75 -28.5  -28.25
 -28.   -27.75 -27.5  -27.25 -27.   -26.75 -26.5  -26.25 -26.   -25.75
 -25.5  -25.25 -25.   -24.75 -24.5  -24.25 -24.   -23.75 -23.5  -23.25
 -23.   -22.75 -22.5  -22.25 -22.   -21.75 -21.5  -21.25 -21.   -20.75
 -20.5  -20.25 -20.   -19.75 -19.5  -19.25 -19.   -18.75 -18.5  -18.25
 -18.   -17.75 -17.5  -17.25 -17.   -16.75 -16.5  -16.25 -16.   -15.75
 -15.5  -15.25 -15.   -14.75 -14.5  -14.25 -14.   -13.75 -13.5  -13.25
 -13.   -12.75 -12.5  -12.25 -12.   -11.75 -11.5  -11.25 -11.   -10.75
 -10.5  -10.25 -10.    -9.75  -9.5   -9.25  -9.    -8.75  -8.5   -8.25
  -8.    -7.75  -7.5   -7.25  -7.    -6.75  -6.5   -6.25  -6.    -5.75
  -5.5   -5.25  -5.    -4.75  -4.5   -4.25  -4.    -3.75  -3.5   -3.25
  -3.    -2.75  -2.5   -2.25  -2.    -1.75  -1.5   -1.25  -1.    -0.75
  -0.5   -0.25   0.     0.25   0.5    0.75   1.     1.25   1.5    1.75
   2.     2.25   2.5    2.75   3.     3.25   3.5    3.75   4.     4.25
   4.5    4.75   5.     5.25   5.5    5.75   6.     6.25   6.5    6.75
   7.     7.25   7.5    7.75   8.     8.25   8.5    8.75   9.     9.25
   9.5    9.75  10.    10.25  10.5   10.75  11.    11.25  11.5   11.75
  12.    12.25  12.5   12.75  13.    13.25  13.5   13.75  14.    14.25
  14.5   14.75  15.    15.25  15.5   15.75  16.    16.25  16.5   16.75
  17.    17.25  17.5   17.75  18.    18.25  18.5   18.75  19.    19.25
  19.5   19.75  20.    20.25  20.5   20.75  21.    21.25  21.5   21.75
  22.    22.25  22.5   22.75  23.    23.25  23.5   23.75  24.    24.25
  24.5   24.75  25.    25.25  25.5   25.75  26.    26.25  26.5   26.75
  27.    27.25  27.5   27.75  28.    28.25  28.5   28.75  29.    29.25
  29.5   29.75  30.    30.25  30.5   30.75]
[0.05845281 0.14423179 0.22373112 0.29135668 0.35143434 0.40874228
 0.45912676 0.50899416 0.55429538 0.5975376  0.63888733 0.6773511
 0.71550493 0.7509974  0.78578426 0.81901024 0.85084071 0.88210184
 0.91163483 0.94101117 0.96900585 0.99629501 1.02290645 1.04838629
 1.07374311 1.09795343 1.12184044 1.14499618 1.16746294 1.18964303
 1.21091586 1.23210263 1.2525279  1.27255046 1.29218065 1.31113593
 1.33001749 1.34819172 1.36616178 1.38366563 1.40072067 1.41758732
 1.4338467  1.4500473  1.46572652 1.48112537 1.49624905 1.51089229
 1.5254829  1.53956095 1.55348921 1.56707354 1.58032282 1.59343071
 1.6060781  1.61868042 1.63088201 1.642866   1.6546354  1.66602672
 1.67737652 1.68831841 1.69914017 1.70968501 1.71995805 1.73011595
 1.73989632 1.74963949 1.75905111 1.76828151 1.77733257 1.78606571
 1.79476386 1.80311624 1.81136625 1.81937955 1.82715927 1.83483974
 1.84219324 1.84951436 1.85654635 1.86341954 1.87013514 1.8765701
 1.88297409 1.88907096 1.89507653 1.90087046 1.90645467 1.91194956
 1.91714905 1.92231919 1.92722667 1.93198934 1.93660797 1.94096913
 1.94530182 1.9493513  1.9533163  1.95708506 1.96065869 1.96414902
 1.96736305 1.97054956 1.9734892  1.97629231 1.97895931 1.98138227
 1.9837782  1.98590445 1.98795004 1.98980785 1.9914784  1.99306884
 1.99439282 1.9956902  1.99674849 1.99767415 1.99846734 1.99902233
 1.99955088 1.99981507 2.         2.         1.99981507 1.99955088
 1.99902233 1.99846734 1.99767415 1.99674849 1.9956902  1.99439282
 1.99306884 1.9914784  1.98980785 1.98795004 1.98590445 1.9837782
 1.98138227 1.97895931 1.97629231 1.9734892  1.97054956 1.96736305
 1.96414902 1.96065869 1.95708506 1.9533163  1.9493513  1.94530182
 1.94096913 1.93660797 1.93198934 1.92722667 1.92231919 1.91714905
 1.91194956 1.90645467 1.90087046 1.89507653 1.88907096 1.88297409
 1.8765701  1.87013514 1.86341954 1.85654635 1.84951436 1.84219324
 1.83483974 1.82715927 1.81937955 1.81136625 1.80311624 1.79476386
 1.78606571 1.77733257 1.76828151 1.75905111 1.74963949 1.73989632
 1.73011595 1.71995805 1.70968501 1.69914017 1.68831841 1.67737652
 1.66602672 1.6546354  1.642866   1.63088201 1.61868042 1.6060781
 1.59343071 1.58032282 1.56707354 1.55348921 1.53956095 1.5254829
 1.51089229 1.49624905 1.48112537 1.46572652 1.4500473  1.4338467
 1.41758732 1.40072067 1.38366563 1.36616178 1.34819172 1.33001749
 1.31113593 1.29218065 1.27255046 1.2525279  1.23210263 1.21091586
 1.18964303 1.16746294 1.14499618 1.12184044 1.09795343 1.07374311
 1.04838629 1.02290645 0.99629501 0.96900585 0.94101117 0.91163483
 0.88210184 0.85084071 0.81901024 0.78578426 0.7509974  0.71550493
 0.6773511  0.63888733 0.5975376  0.55429538 0.50899416 0.45912676
 0.40874228 0.35143434 0.29135668 0.22373112 0.14423179 0.05845281]

[-34.75 -34.5  -34.25 -34.   -33.75 -33.5  -33.25 -33.   -32.75 -32.5
 -32.25 -32.   -31.75 -31.5  -31.25 -31.   -30.75 -30.5  -30.25 -30.
 -29.75 -29.5  -29.25 -29.   -28.75 -28.5  -28.25 -28.   -27.75 -27.5
 -27.25 -27.   -26.75 -26.5  -26.25 -26.   -25.75 -25.5  -25.25 -25.
 -24.75 -24.5  -24.25 -24.   -23.75 -23.5  -23.25 -23.   -22.75 -22.5
 -22.25 -22.   -21.75 -21.5  -21.25 -21.   -20.75 -20.5  -20.25 -20.
 -19.75 -19.5  -19.25 -19.   -18.75 -18.5  -18.25 -18.   -17.75 -17.5
 -17.25 -17.   -16.75 -16.5  -16.25 -16.   -15.75 -15.5  -15.25 -15.
 -14.75 -14.5  -14.25 -14.   -13.75 -13.5  -13.25 -13.   -12.75 -12.5
 -12.25 -12.   -11.75 -11.5  -11.25 -11.   -10.75 -10.5  -10.25 -10.
  -9.75  -9.5   -9.25  -9.    -8.75  -8.5   -8.25  -8.    -7.75  -7.5
  -7.25  -7.    -6.75  -6.5   -6.25  -6.    -5.75  -5.5   -5.25  -5.
  -4.75  -4.5   -4.25  -4.    -3.75  -3.5   -3.25  -3.    -2.75  -2.5
  -2.25  -2.    -1.75  -1.5   -1.25  -1.    -0.75  -0.5   -0.25   0.
   0.25   0.5    0.75   1.     1.25   1.5    1.75   2.     2.25   2.5
   2.75   3.     3.25   3.5    3.75   4.     4.25   4.5    4.75   5.
   5.25   5.5    5.75   6.     6.25   6.5    6.75   7.     7.25   7.5
   7.75   8.     8.25   8.5    8.75   9.     9.25   9.5    9.75  10.
  10.25  10.5   10.75  11.    11.25  11.5   11.75  12.    12.25  12.5
  12.75  13.    13.25  13.5   13.75  14.    14.25  14.5   14.75  15.
  15.25  15.5   15.75  16.    16.25  16.5   16.75  17.    17.25  17.5
  17.75  18.    18.25  18.5   18.75  19.    19.25  19.5   19.75  20.
  20.25  20.5   20.75  21.    21.25  21.5   21.75  22.    22.25  22.5
  22.75  23.    23.25  23.5   23.75  24.    24.25  24.5   24.75  25.
  25.25  25.5   25.75  26.    26.25  26.5   26.75  27.    27.25  27.5
  27.75  28.    28.25  28.5   28.75  29.    29.25  29.5   29.75  30.
  30.25  30.5   30.75  31.    31.25  31.5   31.75  32.    32.25  32.5
  32.75  33.    33.25  33.5   33.75  34.    34.25  34.5   34.75  35.  ]
[1.53947761e-03 6.16171378e-02 1.20773226e-01 1.73903521e-01
 2.23770921e-01 2.72273654e-01 3.17068772e-01 3.60310992e-01
 4.02042385e-01 4.41181816e-01 4.79645582e-01 5.16551102e-01
 5.51502186e-01 5.86289054e-01 6.19508876e-01 6.51339347e-01
 6.83009539e-01 7.13280305e-01 7.42656653e-01 7.71653916e-01
 7.99484500e-01 8.26773662e-01 8.53529131e-01 8.79288686e-01
 9.04768528e-01 9.29601228e-01 9.53567728e-01 9.77454733e-01
 1.00060865e+00 1.02307541e+00 1.04546442e+00 1.06713113e+00
 1.08831789e+00 1.10930059e+00 1.12963379e+00 1.14965635e+00
 1.16937135e+00 1.18849657e+00 1.20745184e+00 1.22601323e+00
 1.24403453e+00 1.26200459e+00 1.27950760e+00 1.29656264e+00
 1.31356740e+00 1.33009244e+00 1.34629305e+00 1.36235547e+00
 1.37797114e+00 1.39337000e+00 1.40855366e+00 1.42331901e+00
 1.43796225e+00 1.45232209e+00 1.46628836e+00 1.48021662e+00
 1.49380047e+00 1.50704975e+00 1.52026164e+00 1.53311139e+00
 1.54571371e+00 1.55821053e+00 1.57036307e+00 1.58234706e+00
 1.59416347e+00 1.60565145e+00 1.61704278e+00 1.62820957e+00
 1.63906200e+00 1.64988376e+00 1.66042831e+00 1.67070135e+00
 1.68094412e+00 1.69089089e+00 1.70063406e+00 1.71029032e+00
 1.71966124e+00 1.72889164e+00 1.73798214e+00 1.74679688e+00
 1.75553003e+00 1.76407344e+00 1.77234971e+00 1.78059972e+00
 1.78861283e+00 1.79639255e+00 1.80414628e+00 1.81164423e+00
 1.81896535e+00 1.82621092e+00 1.83320735e+00 1.84008054e+00
 1.84683090e+00 1.85333811e+00 1.85977307e+00 1.86603990e+00
 1.87206897e+00 1.87807454e+00 1.88386834e+00 1.88945255e+00
 1.89501345e+00 1.90034368e+00 1.90551383e+00 1.91061551e+00
 1.91549064e+00 1.92025331e+00 1.92490379e+00 1.92933139e+00
 1.93369256e+00 1.93789897e+00 1.94188577e+00 1.94585078e+00
 1.94961946e+00 1.95319309e+00 1.95674504e+00 1.96008156e+00
 1.96326806e+00 1.96639036e+00 1.96929957e+00 1.97210268e+00
 1.97479984e+00 1.97728591e+00 1.97970888e+00 1.98198474e+00
 1.98405119e+00 1.98609679e+00 1.98795456e+00 1.98962511e+00
 1.99127485e+00 1.99271713e+00 1.99401451e+00 1.99524983e+00
 1.99627861e+00 1.99720428e+00 1.99802688e+00 1.99864359e+00
 1.99919858e+00 1.99960960e+00 1.99981507e+00 2.00000000e+00
 2.00000000e+00 1.99981507e+00 1.99960960e+00 1.99919858e+00
 1.99864359e+00 1.99802688e+00 1.99720428e+00 1.99627861e+00
 1.99524983e+00 1.99401451e+00 1.99271713e+00 1.99127485e+00
 1.98962511e+00 1.98795456e+00 1.98609679e+00 1.98405119e+00
 1.98198474e+00 1.97970888e+00 1.97728591e+00 1.97479984e+00
 1.97210268e+00 1.96929957e+00 1.96639036e+00 1.96326806e+00
 1.96008156e+00 1.95674504e+00 1.95319309e+00 1.94961946e+00
 1.94585078e+00 1.94188577e+00 1.93789897e+00 1.93369256e+00
 1.92933139e+00 1.92490379e+00 1.92025331e+00 1.91549064e+00
 1.91061551e+00 1.90551383e+00 1.90034368e+00 1.89501345e+00
 1.88945255e+00 1.88386834e+00 1.87807454e+00 1.87206897e+00
 1.86603990e+00 1.85977307e+00 1.85333811e+00 1.84683090e+00
 1.84008054e+00 1.83320735e+00 1.82621092e+00 1.81896535e+00
 1.81164423e+00 1.80414628e+00 1.79639255e+00 1.78861283e+00
 1.78059972e+00 1.77234971e+00 1.76407344e+00 1.75553003e+00
 1.74679688e+00 1.73798214e+00 1.72889164e+00 1.71966124e+00
 1.71029032e+00 1.70063406e+00 1.69089089e+00 1.68094412e+00
 1.67070135e+00 1.66042831e+00 1.64988376e+00 1.63906200e+00
 1.62820957e+00 1.61704278e+00 1.60565145e+00 1.59416347e+00
 1.58234706e+00 1.57036307e+00 1.55821053e+00 1.54571371e+00
 1.53311139e+00 1.52026164e+00 1.50704975e+00 1.49380047e+00
 1.48021662e+00 1.46628836e+00 1.45232209e+00 1.43796225e+00
 1.42331901e+00 1.40855366e+00 1.39337000e+00 1.37797114e+00
 1.36235547e+00 1.34629305e+00 1.33009244e+00 1.31356740e+00
 1.29656264e+00 1.27950760e+00 1.26200459e+00 1.24403453e+00
 1.22601323e+00 1.20745184e+00 1.18849657e+00 1.16937135e+00
 1.14965635e+00 1.12963379e+00 1.10930059e+00 1.08831789e+00
 1.06713113e+00 1.04546442e+00 1.02307541e+00 1.00060865e+00
 9.77454733e-01 9.53567728e-01 9.29601228e-01 9.04768528e-01
 8.79288686e-01 8.53529131e-01 8.26773662e-01 7.99484500e-01
 7.71653916e-01 7.42656653e-01 7.13280305e-01 6.83009539e-01
 6.51339347e-01 6.19508876e-01 5.86289054e-01 5.51502186e-01
 5.16551102e-01 4.79645582e-01 4.41181816e-01 4.02042385e-01
 3.60310992e-01 3.17068772e-01 2.72273654e-01 2.23770921e-01
 1.73903521e-01 1.20773226e-01 6.16171378e-02 1.53947761e-03]

[-38.5  -38.25 -38.   -37.75 -37.5  -37.25 -37.   -36.75 -36.5  -36.25
 -36.   -35.75 -35.5  -35.25 -35.   -34.75 -34.5  -34.25 -34.   -33.75
 -33.5  -33.25 -33.   -32.75 -32.5  -32.25 -32.   -31.75 -31.5  -31.25
 -31.   -30.75 -30.5  -30.25 -30.   -29.75 -29.5  -29.25 -29.   -28.75
 -28.5  -28.25 -28.   -27.75 -27.5  -27.25 -27.   -26.75 -26.5  -26.25
 -26.   -25.75 -25.5  -25.25 -25.   -24.75 -24.5  -24.25 -24.   -23.75
 -23.5  -23.25 -23.   -22.75 -22.5  -22.25 -22.   -21.75 -21.5  -21.25
 -21.   -20.75 -20.5  -20.25 -20.   -19.75 -19.5  -19.25 -19.   -18.75
 -18.5  -18.25 -18.   -17.75 -17.5  -17.25 -17.   -16.75 -16.5  -16.25
 -16.   -15.75 -15.5  -15.25 -15.   -14.75 -14.5  -14.25 -14.   -13.75
 -13.5  -13.25 -13.   -12.75 -12.5  -12.25 -12.   -11.75 -11.5  -11.25
 -11.   -10.75 -10.5  -10.25 -10.    -9.75  -9.5   -9.25  -9.    -8.75
  -8.5   -8.25  -8.    -7.75  -7.5   -7.25  -7.    -6.75  -6.5   -6.25
  -6.    -5.75  -5.5   -5.25  -5.    -4.75  -4.5   -4.25  -4.    -3.75
  -3.5   -3.25  -3.    -2.75  -2.5   -2.25  -2.    -1.75  -1.5   -1.25
  -1.    -0.75  -0.5   -0.25   0.     0.25   0.5    0.75   1.     1.25
   1.5    1.75   2.     2.25   2.5    2.75   3.     3.25   3.5    3.75
   4.     4.25   4.5    4.75   5.     5.25   5.5    5.75   6.     6.25
   6.5    6.75   7.     7.25   7.5    7.75   8.     8.25   8.5    8.75
   9.     9.25   9.5    9.75  10.    10.25  10.5   10.75  11.    11.25
  11.5   11.75  12.    12.25  12.5   12.75  13.    13.25  13.5   13.75
  14.    14.25  14.5   14.75  15.    15.25  15.5   15.75  16.    16.25
  16.5   16.75  17.    17.25  17.5   17.75  18.    18.25  18.5   18.75
  19.    19.25  19.5   19.75  20.    20.25  20.5   20.75  21.    21.25
  21.5   21.75  22.    22.25  22.5   22.75  23.    23.25  23.5   23.75
  24.    24.25  24.5   24.75  25.    25.25  25.5   25.75  26.    26.25
  26.5   26.75  27.    27.25  27.5   27.75  28.    28.25  28.5   28.75
  29.    29.25  29.5   29.75  30.    30.25  30.5   30.75  31.    31.25
  31.5   31.75  32.    32.25  32.5   32.75  33.    33.25  33.5   33.75
  34.    34.25  34.5   34.75  35.    35.25  35.5   35.75  36.    36.25
  36.5   36.75  37.    37.25  37.5   37.75  38.    38.25  38.5 ]
[0.01206602 0.05794642 0.10118864 0.14437274 0.18522548 0.22403373
 0.26249749 0.29949165 0.33486016 0.36964703 0.40354637 0.43610817
 0.46793864 0.49927496 0.52948205 0.5588584  0.58801978 0.6162084
 0.64349756 0.67077764 0.69720603 0.72283338 0.74831322 0.77318489
 0.79734167 0.82122867 0.84470741 0.86754154 0.89000831 0.91222827
 0.93386186 0.95504863 0.97612134 0.99665659 1.01667915 1.03669852
 1.05622196 1.07526792 1.0942232  1.11280884 1.13095012 1.14892018
 1.16663194 1.18392808 1.20098312 1.21787661 1.23437961 1.25058022
 1.26670415 1.28245974 1.29785859 1.31325592 1.32830452 1.34301334
 1.35765657 1.3720341  1.38608834 1.4000166  1.41375515 1.42718518
 1.44043446 1.4535628  1.46639592 1.47899825 1.49154229 1.5038031
 1.51578709 1.52777023 1.539481   1.55092445 1.56231577 1.5734967
 1.5844197  1.59524146 1.60591092 1.61633102 1.62660406 1.6367788
 1.64671199 1.65645516 1.66615048 1.67561141 1.6848418  1.69407169
 1.70307374 1.71185101 1.72058416 1.72913961 1.73747604 1.74572604
 1.75384615 1.76175253 1.76953224 1.77722736 1.7847136  1.79203472
 1.79931435 1.80638955 1.81326274 1.82013561 1.82680815 1.83328228
 1.83971724 1.8459948  1.85207755 1.85808312 1.86397275 1.86967087
 1.87525508 1.88076325 1.88608294 1.89125308 1.8963857  1.90133261
 1.90609528 1.91085776 1.91543704 1.91983429 1.92419546 1.9284118
 1.9324483  1.93641331 1.94027097 1.94395075 1.94752438 1.95102719
 1.95435388 1.95754038 1.96069177 1.9636686  1.96647171 1.96927472
 1.97190456 1.97436187 1.97678483 1.97907019 1.98118413 1.98322973
 1.98517275 1.98694531 1.98861586 1.99021837 1.9916512  1.99294858
 1.99421207 1.99530651 1.99623218 1.99715781 1.99791486 1.9985035
 1.99905849 1.99947884 1.99973102 1.99991595 2.         1.99991595
 1.99973102 1.99947884 1.99905849 1.9985035  1.99791486 1.99715781
 1.99623218 1.99530651 1.99421207 1.99294858 1.9916512  1.99021837
 1.98861586 1.98694531 1.98517275 1.98322973 1.98118413 1.97907019
 1.97678483 1.97436187 1.97190456 1.96927472 1.96647171 1.9636686
 1.96069177 1.95754038 1.95435388 1.95102719 1.94752438 1.94395075
 1.94027097 1.93641331 1.9324483  1.9284118  1.92419546 1.91983429
 1.91543704 1.91085776 1.90609528 1.90133261 1.8963857  1.89125308
 1.88608294 1.88076325 1.87525508 1.86967087 1.86397275 1.85808312
 1.85207755 1.8459948  1.83971724 1.83328228 1.82680815 1.82013561
 1.81326274 1.80638955 1.79931435 1.79203472 1.7847136  1.77722736
 1.76953224 1.76175253 1.75384615 1.74572604 1.73747604 1.72913961
 1.72058416 1.71185101 1.70307374 1.69407169 1.6848418  1.67561141
 1.66615048 1.65645516 1.64671199 1.6367788  1.62660406 1.61633102
 1.60591092 1.59524146 1.5844197  1.5734967  1.56231577 1.55092445
 1.539481   1.52777023 1.51578709 1.5038031  1.49154229 1.47899825
 1.46639592 1.4535628  1.44043446 1.42718518 1.41375515 1.4000166
 1.38608834 1.3720341  1.35765657 1.34301334 1.32830452 1.31325592
 1.29785859 1.28245974 1.26670415 1.25058022 1.23437961 1.21787661
 1.20098312 1.18392808 1.16663194 1.14892018 1.13095012 1.11280884
 1.0942232  1.07526792 1.05622196 1.03669852 1.01667915 0.99665659
 0.97612134 0.95504863 0.93386186 0.91222827 0.89000831 0.86754154
 0.84470741 0.82122867 0.79734167 0.77318489 0.74831322 0.72283338
 0.69720603 0.67077764 0.64349756 0.6162084  0.58801978 0.5588584
 0.52948205 0.49927496 0.46793864 0.43610817 0.40354637 0.36964703
 0.33486016 0.29949165 0.26249749 0.22403373 0.18522548 0.14437274
 0.10118864 0.05794642 0.01206602]

[-41.75 -41.5  -41.25 -41.   -40.75 -40.5  -40.25 -40.   -39.75 -39.5
 -39.25 -39.   -38.75 -38.5  -38.25 -38.   -37.75 -37.5  -37.25 -37.
 -36.75 -36.5  -36.25 -36.   -35.75 -35.5  -35.25 -35.   -34.75 -34.5
 -34.25 -34.   -33.75 -33.5  -33.25 -33.   -32.75 -32.5  -32.25 -32.
 -31.75 -31.5  -31.25 -31.   -30.75 -30.5  -30.25 -30.   -29.75 -29.5
 -29.25 -29.   -28.75 -28.5  -28.25 -28.   -27.75 -27.5  -27.25 -27.
 -26.75 -26.5  -26.25 -26.   -25.75 -25.5  -25.25 -25.   -24.75 -24.5
 -24.25 -24.   -23.75 -23.5  -23.25 -23.   -22.75 -22.5  -22.25 -22.
 -21.75 -21.5  -21.25 -21.   -20.75 -20.5  -20.25 -20.   -19.75 -19.5
 -19.25 -19.   -18.75 -18.5  -18.25 -18.   -17.75 -17.5  -17.25 -17.
 -16.75 -16.5  -16.25 -16.   -15.75 -15.5  -15.25 -15.   -14.75 -14.5
 -14.25 -14.   -13.75 -13.5  -13.25 -13.   -12.75 -12.5  -12.25 -12.
 -11.75 -11.5  -11.25 -11.   -10.75 -10.5  -10.25 -10.    -9.75  -9.5
  -9.25  -9.    -8.75  -8.5   -8.25  -8.    -7.75  -7.5   -7.25  -7.
  -6.75  -6.5   -6.25  -6.    -5.75  -5.5   -5.25  -5.    -4.75  -4.5
  -4.25  -4.    -3.75  -3.5   -3.25  -3.    -2.75  -2.5   -2.25  -2.
  -1.75  -1.5   -1.25  -1.    -0.75  -0.5   -0.25   0.     0.25   0.5
   0.75   1.     1.25   1.5    1.75   2.     2.25   2.5    2.75   3.
   3.25   3.5    3.75   4.     4.25   4.5    4.75   5.     5.25   5.5
   5.75   6.     6.25   6.5    6.75   7.     7.25   7.5    7.75   8.
   8.25   8.5    8.75   9.     9.25   9.5    9.75  10.    10.25  10.5
  10.75  11.    11.25  11.5   11.75  12.    12.25  12.5   12.75  13.
  13.25  13.5   13.75  14.    14.25  14.5   14.75  15.    15.25  15.5
  15.75  16.    16.25  16.5   16.75  17.    17.25  17.5   17.75  18.
  18.25  18.5   18.75  19.    19.25  19.5   19.75  20.    20.25  20.5
  20.75  21.    21.25  21.5   21.75  22.    22.25  22.5   22.75  23.
  23.25  23.5   23.75  24.    24.25  24.5   24.75  25.    25.25  25.5
  25.75  26.    26.25  26.5   26.75  27.    27.25  27.5   27.75  28.
  28.25  28.5   28.75  29.    29.25  29.5   29.75  30.    30.25  30.5
  30.75  31.    31.25  31.5   31.75  32.    32.25  32.5   32.75  33.
  33.25  33.5   33.75  34.    34.25  34.5   34.75  35.    35.25  35.5
  35.75  36.    36.25  36.5   36.75  37.    37.25  37.5   37.75  38.
  38.25  38.5   38.75  39.    39.25  39.5   39.75  40.    40.25  40.5
  40.75  41.    41.25  41.5   41.75]
[0.02624766 0.06405098 0.10039746 0.13541227 0.17019914 0.20398966
 0.23664882 0.26847929 0.30008817 0.33071801 0.36043186 0.38980821
 0.41866211 0.44670623 0.47399539 0.5012748  0.52783016 0.55369838
 0.57917822 0.60439283 0.62898448 0.65298122 0.67686822 0.70029584
 0.72317808 0.74564484 0.76800364 0.78985931 0.81123071 0.83241748
 0.85332214 0.87377641 0.89379897 0.91381811 0.93341638 0.95260717
 0.97156244 0.9903583  1.00877102 1.02681173 1.04478178 1.06246093
 1.07978842 1.09684346 1.11382861 1.13048027 1.14680681 1.16300742
 1.17901678 1.19471649 1.21011534 1.22551256 1.2406141  1.25542644
 1.27006968 1.28459899 1.29885116 1.3128318  1.32676006 1.34047454
 1.35392798 1.36717726 1.38037456 1.3933204  1.40601929 1.41862161
 1.43107783 1.4432955  1.45527949 1.46726257 1.47901485 1.49053997
 1.50193129 1.51323274 1.52431388 1.53517794 1.5459997  1.55664979
 1.56708887 1.57736191 1.58759288 1.59761849 1.60744141 1.61718458
 1.62680737 1.6362325  1.6454629  1.65469275 1.66372961 1.67257569
 1.68130884 1.68996628 1.69843712 1.70672337 1.71497338 1.72307692
 1.73099962 1.73877934 1.74652296 1.75408923 1.76147981 1.76880093
 1.77601741 1.78306132 1.78993451 1.79680736 1.80351056 1.81004552
 1.81648048 1.82284852 1.82905093 1.83508895 1.84109452 1.84696934
 1.85268212 1.85826633 1.86381819 1.86921018 1.87444334 1.87961348
 1.8846888  1.88960724 1.89436991 1.89913237 1.90373975 1.90819288
 1.91255404 1.91685373 1.92100077 1.9249959  1.92896091 1.93280484
 1.93649826 1.94007189 1.94361545 1.94700977 1.95025544 1.95344195
 1.95653953 1.95948957 1.96229268 1.96509568 1.96775211 1.97026244
 1.97268541 1.97505005 1.97726941 1.97934386 1.98138945 1.98331934
 1.985105   1.98677554 1.98841726 1.98991531 1.99126994 1.99256732
 1.99377876 1.99484721 1.99577288 1.99669851 1.99748148 1.99812192
 1.99867691 1.99917492 1.99953058 1.99974395 1.99992888 2.
 1.99992888 1.99974395 1.99953058 1.99917492 1.99867691 1.99812192
 1.99748148 1.99669851 1.99577288 1.99484721 1.99377876 1.99256732
 1.99126994 1.98991531 1.98841726 1.98677554 1.985105   1.98331934
 1.98138945 1.97934386 1.97726941 1.97505005 1.97268541 1.97026244
 1.96775211 1.96509568 1.96229268 1.95948957 1.95653953 1.95344195
 1.95025544 1.94700977 1.94361545 1.94007189 1.93649826 1.93280484
 1.92896091 1.9249959  1.92100077 1.91685373 1.91255404 1.90819288
 1.90373975 1.89913237 1.89436991 1.88960724 1.8846888  1.87961348
 1.87444334 1.86921018 1.86381819 1.85826633 1.85268212 1.84696934
 1.84109452 1.83508895 1.82905093 1.82284852 1.81648048 1.81004552
 1.80351056 1.79680736 1.78993451 1.78306132 1.77601741 1.76880093
 1.76147981 1.75408923 1.74652296 1.73877934 1.73099962 1.72307692
 1.71497338 1.70672337 1.69843712 1.68996628 1.68130884 1.67257569
 1.66372961 1.65469275 1.6454629  1.6362325  1.62680737 1.61718458
 1.60744141 1.59761849 1.58759288 1.57736191 1.56708887 1.55664979
 1.5459997  1.53517794 1.52431388 1.51323274 1.50193129 1.49053997
 1.47901485 1.46726257 1.45527949 1.4432955  1.43107783 1.41862161
 1.40601929 1.3933204  1.38037456 1.36717726 1.35392798 1.34047454
 1.32676006 1.3128318  1.29885116 1.28459899 1.27006968 1.25542644
 1.2406141  1.22551256 1.21011534 1.19471649 1.17901678 1.16300742
 1.14680681 1.13048027 1.11382861 1.09684346 1.07978842 1.06246093
 1.04478178 1.02681173 1.00877102 0.9903583  0.97156244 0.95260717
 0.93341638 0.91381811 0.89379897 0.87377641 0.85332214 0.83241748
 0.81123071 0.78985931 0.76800364 0.74564484 0.72317808 0.70029584
 0.67686822 0.65298122 0.62898448 0.60439283 0.57917822 0.55369838
 0.52783016 0.5012748  0.47399539 0.44670623 0.41866211 0.38980821
 0.36043186 0.33071801 0.30008817 0.26847929 0.23664882 0.20398966
 0.17019914 0.13541227 0.10039746 0.06405098 0.02624766]

[-44.75 -44.5  -44.25 -44.   -43.75 -43.5  -43.25 -43.   -42.75 -42.5
 -42.25 -42.   -41.75 -41.5  -41.25 -41.   -40.75 -40.5  -40.25 -40.
 -39.75 -39.5  -39.25 -39.   -38.75 -38.5  -38.25 -38.   -37.75 -37.5
 -37.25 -37.   -36.75 -36.5  -36.25 -36.   -35.75 -35.5  -35.25 -35.
 -34.75 -34.5  -34.25 -34.   -33.75 -33.5  -33.25 -33.   -32.75 -32.5
 -32.25 -32.   -31.75 -31.5  -31.25 -31.   -30.75 -30.5  -30.25 -30.
 -29.75 -29.5  -29.25 -29.   -28.75 -28.5  -28.25 -28.   -27.75 -27.5
 -27.25 -27.   -26.75 -26.5  -26.25 -26.   -25.75 -25.5  -25.25 -25.
 -24.75 -24.5  -24.25 -24.   -23.75 -23.5  -23.25 -23.   -22.75 -22.5
 -22.25 -22.   -21.75 -21.5  -21.25 -21.   -20.75 -20.5  -20.25 -20.
 -19.75 -19.5  -19.25 -19.   -18.75 -18.5  -18.25 -18.   -17.75 -17.5
 -17.25 -17.   -16.75 -16.5  -16.25 -16.   -15.75 -15.5  -15.25 -15.
 -14.75 -14.5  -14.25 -14.   -13.75 -13.5  -13.25 -13.   -12.75 -12.5
 -12.25 -12.   -11.75 -11.5  -11.25 -11.   -10.75 -10.5  -10.25 -10.
  -9.75  -9.5   -9.25  -9.    -8.75  -8.5   -8.25  -8.    -7.75  -7.5
  -7.25  -7.    -6.75  -6.5   -6.25  -6.    -5.75  -5.5   -5.25  -5.
  -4.75  -4.5   -4.25  -4.    -3.75  -3.5   -3.25  -3.    -2.75  -2.5
  -2.25  -2.    -1.75  -1.5   -1.25  -1.    -0.75  -0.5   -0.25   0.
   0.25   0.5    0.75   1.     1.25   1.5    1.75   2.     2.25   2.5
   2.75   3.     3.25   3.5    3.75   4.     4.25   4.5    4.75   5.
   5.25   5.5    5.75   6.     6.25   6.5    6.75   7.     7.25   7.5
   7.75   8.     8.25   8.5    8.75   9.     9.25   9.5    9.75  10.
  10.25  10.5   10.75  11.    11.25  11.5   11.75  12.    12.25  12.5
  12.75  13.    13.25  13.5   13.75  14.    14.25  14.5   14.75  15.
  15.25  15.5   15.75  16.    16.25  16.5   16.75  17.    17.25  17.5
  17.75  18.    18.25  18.5   18.75  19.    19.25  19.5   19.75  20.
  20.25  20.5   20.75  21.    21.25  21.5   21.75  22.    22.25  22.5
  22.75  23.    23.25  23.5   23.75  24.    24.25  24.5   24.75  25.
  25.25  25.5   25.75  26.    26.25  26.5   26.75  27.    27.25  27.5
  27.75  28.    28.25  28.5   28.75  29.    29.25  29.5   29.75  30.
  30.25  30.5   30.75  31.    31.25  31.5   31.75  32.    32.25  32.5
  32.75  33.    33.25  33.5   33.75  34.    34.25  34.5   34.75  35.
  35.25  35.5   35.75  36.    36.25  36.5   36.75  37.    37.25  37.5
  37.75  38.    38.25  38.5   38.75  39.    39.25  39.5   39.75  40.
  40.25  40.5   40.75  41.    41.25  41.5   41.75  42.    42.25  42.5
  42.75  43.    43.25  43.5   43.75  44.    44.25  44.5   44.75  45.  ]
[0.02091744 0.05318247 0.08501294 0.11638721 0.14692265 0.17666602
 0.20604237 0.23503593 0.26331801 0.29092355 0.31821271 0.34517361
 0.37151914 0.3972762  0.42275604 0.44794945 0.47260213 0.49673534
 0.52062235 0.54425583 0.56740796 0.59009587 0.61256263 0.63480234
 0.65660882 0.67799614 0.6991829  0.72016426 0.74075206 0.76095801
 0.78098057 0.8008157  0.82029043 0.83941461 0.85836989 0.87715285
 0.89560345 0.91373006 0.93170012 0.94951073 0.96701291 0.98421387
 1.00126891 1.01817554 1.03479439 1.0511317  1.0673323  1.08339405
 1.09918595 1.11471346 1.13011231 1.14538065 1.16039482 1.17515962
 1.18980286 1.20432289 1.21860257 1.23264614 1.2465744  1.26038592
 1.2739693  1.28732832 1.3005776  1.31371586 1.32663686 1.33934396
 1.35194628 1.3644427  1.37673156 1.38881587 1.40079986 1.41268252
 1.42436632 1.43585396 1.44724529 1.45853938 1.46964245 1.48055692
 1.49137868 1.50210691 1.51265117 1.52301366 1.5332867  1.54346954
 1.55347481 1.56330448 1.57304765 1.58270365 1.59218786 1.60150208
 1.61073248 1.61987846 1.62885789 1.63767242 1.64640556 1.65505678
 1.66354623 1.67187541 1.68012541 1.68829576 1.69630869 1.70416555
 1.71194527 1.71964739 1.72719605 1.73459248 1.7419136  1.74915901
 1.75625456 1.76320138 1.77007457 1.77687376 1.78352637 1.79003344
 1.7964684  1.80283092 1.80904986 1.81512615 1.82113172 1.82706626
 1.83285995 1.83851362 1.84409783 1.8496123  1.85498839 1.86022684
 1.86539699 1.87049856 1.87546398 1.88029394 1.88505662 1.88975178
 1.89431281 1.89874033 1.90310149 1.9073961  1.91155839 1.91558891
 1.91955392 1.92345322 1.92722183 1.93086024 1.93443387 1.93794256
 1.941322   1.94457263 1.94775914 1.95088138 1.95387563 1.9567423
 1.95954541 1.96228485 1.96489741 1.96738344 1.9698064  1.9721662
 1.97440008 1.97650832 1.97855392 1.98053678 1.98239452 1.98412737
 1.98579791 1.98740609 1.98888979 1.9902492  1.99154658 1.99278188
 1.99389321 1.99488071 1.99580638 1.99667018 1.99741038 1.99802707
 1.99858206 1.99907533 1.99944522 1.99969179 1.99987672 2.
 2.         1.99987672 1.99969179 1.99944522 1.99907533 1.99858206
 1.99802707 1.99741038 1.99667018 1.99580638 1.99488071 1.99389321
 1.99278188 1.99154658 1.9902492  1.98888979 1.98740609 1.98579791
 1.98412737 1.98239452 1.98053678 1.97855392 1.97650832 1.97440008
 1.9721662  1.9698064  1.96738344 1.96489741 1.96228485 1.95954541
 1.9567423  1.95387563 1.95088138 1.94775914 1.94457263 1.941322
 1.93794256 1.93443387 1.93086024 1.92722183 1.92345322 1.91955392
 1.91558891 1.91155839 1.9073961  1.90310149 1.89874033 1.89431281
 1.88975178 1.88505662 1.88029394 1.87546398 1.87049856 1.86539699
 1.86022684 1.85498839 1.8496123  1.84409783 1.83851362 1.83285995
 1.82706626 1.82113172 1.81512615 1.80904986 1.80283092 1.7964684
 1.79003344 1.78352637 1.77687376 1.77007457 1.76320138 1.75625456
 1.74915901 1.7419136  1.73459248 1.72719605 1.71964739 1.71194527
 1.70416555 1.69630869 1.68829576 1.68012541 1.67187541 1.66354623
 1.65505678 1.64640556 1.63767242 1.62885789 1.61987846 1.61073248
 1.60150208 1.59218786 1.58270365 1.57304765 1.56330448 1.55347481
 1.54346954 1.5332867  1.52301366 1.51265117 1.50210691 1.49137868
 1.48055692 1.46964245 1.45853938 1.44724529 1.43585396 1.42436632
 1.41268252 1.40079986 1.38881587 1.37673156 1.3644427  1.35194628
 1.33934396 1.32663686 1.31371586 1.3005776  1.28732832 1.2739693
 1.26038592 1.2465744  1.23264614 1.21860257 1.20432289 1.18980286
 1.17515962 1.16039482 1.14538065 1.13011231 1.11471346 1.09918595
 1.08339405 1.0673323  1.0511317  1.03479439 1.01817554 1.00126891
 0.98421387 0.96701291 0.94951073 0.93170012 0.91373006 0.89560345
 0.87715285 0.85836989 0.83941461 0.82029043 0.8008157  0.78098057
 0.76095801 0.74075206 0.72016426 0.6991829  0.67799614 0.65660882
 0.63480234 0.61256263 0.59009587 0.56740796 0.54425583 0.52062235
 0.49673534 0.47260213 0.44794945 0.42275604 0.3972762  0.37151914
 0.34517361 0.31821271 0.29092355 0.26331801 0.23503593 0.20604237
 0.17666602 0.14692265 0.11638721 0.08501294 0.05318247 0.02091744]

