1.500000000000000000e+00
4.500000000000000000e+00
7.500000000000000000e+00
1.050000000000000000e+01
1.350000000000000000e+01
1.650000000000000000e+01
1.950000000000000000e+01
2.250000000000000000e+01
2.550000000000000000e+01
2.850000000000000000e+01
3.150000000000000000e+01
3.450000000000000000e+01
3.750000000000000000e+01
4.050000000000000000e+01
4.350000000000000000e+01
4.650000000000000000e+01
4.950000000000000000e+01
5.250000000000000000e+01
5.550000000000000000e+01
5.850000000000000000e+01
6.150000000000000000e+01
6.450000000000000000e+01
6.750000000000000000e+01
7.050000000000000000e+01
7.350000000000000000e+01
7.650000000000000000e+01
7.950000000000000000e+01
8.250000000000000000e+01
8.550000000000000000e+01
8.850000000000000000e+01
9.150000000000000000e+01
9.450000000000000000e+01
9.750000000000000000e+01
1.005000000000000000e+02
1.035000000000000000e+02
1.065000000000000000e+02
1.095000000000000000e+02
1.125000000000000000e+02
1.155000000000000000e+02
1.185000000000000000e+02
1.215000000000000000e+02
1.245000000000000000e+02
1.275000000000000000e+02
1.305000000000000000e+02
1.335000000000000000e+02
1.365000000000000000e+02
1.395000000000000000e+02
1.425000000000000000e+02
1.455000000000000000e+02
1.485000000000000000e+02
1.515000000000000000e+02
1.545000000000000000e+02
1.575000000000000000e+02
1.605000000000000000e+02
1.635000000000000000e+02
1.665000000000000000e+02
1.695000000000000000e+02
1.725000000000000000e+02
1.755000000000000000e+02
1.785000000000000000e+02
1.815000000000000000e+02
1.845000000000000000e+02
1.875000000000000000e+02
1.905000000000000000e+02
1.935000000000000000e+02
1.965000000000000000e+02
1.995000000000000000e+02
2.025000000000000000e+02
2.055000000000000000e+02
2.085000000000000000e+02
2.115000000000000000e+02
2.145000000000000000e+02
2.175000000000000000e+02
2.205000000000000000e+02
2.235000000000000000e+02
2.265000000000000000e+02
2.295000000000000000e+02
2.325000000000000000e+02
2.355000000000000000e+02
2.385000000000000000e+02
2.415000000000000000e+02
2.445000000000000000e+02
2.475000000000000000e+02
2.505000000000000000e+02
2.535000000000000000e+02
2.565000000000000000e+02
2.595000000000000000e+02
2.625000000000000000e+02
2.655000000000000000e+02
2.685000000000000000e+02
2.715000000000000000e+02
2.745000000000000000e+02
2.775000000000000000e+02
2.805000000000000000e+02
2.835000000000000000e+02
2.865000000000000000e+02
2.895000000000000000e+02
2.925000000000000000e+02
2.955000000000000000e+02
2.985000000000000000e+02
3.015000000000000000e+02
3.045000000000000000e+02
3.075000000000000000e+02
3.105000000000000000e+02
3.135000000000000000e+02
3.165000000000000000e+02
3.195000000000000000e+02
3.225000000000000000e+02
3.255000000000000000e+02
3.285000000000000000e+02
3.315000000000000000e+02
3.345000000000000000e+02
3.375000000000000000e+02
3.405000000000000000e+02
3.435000000000000000e+02
3.465000000000000000e+02
3.495000000000000000e+02
3.525000000000000000e+02
3.555000000000000000e+02
3.585000000000000000e+02
3.615000000000000000e+02
3.645000000000000000e+02
3.675000000000000000e+02
3.705000000000000000e+02
3.735000000000000000e+02
3.765000000000000000e+02
3.795000000000000000e+02
3.825000000000000000e+02
3.855000000000000000e+02
3.885000000000000000e+02
3.915000000000000000e+02
3.945000000000000000e+02
3.975000000000000000e+02
4.005000000000000000e+02
4.035000000000000000e+02
4.065000000000000000e+02
4.095000000000000000e+02
4.125000000000000000e+02
4.155000000000000000e+02
4.185000000000000000e+02
4.215000000000000000e+02
4.245000000000000000e+02
4.275000000000000000e+02
4.305000000000000000e+02
4.335000000000000000e+02
4.365000000000000000e+02
4.395000000000000000e+02
4.425000000000000000e+02
4.455000000000000000e+02
4.485000000000000000e+02
4.515000000000000000e+02
4.545000000000000000e+02
4.575000000000000000e+02
4.605000000000000000e+02
4.635000000000000000e+02
4.665000000000000000e+02
4.695000000000000000e+02
4.725000000000000000e+02
4.755000000000000000e+02
4.785000000000000000e+02
4.815000000000000000e+02
4.845000000000000000e+02
4.875000000000000000e+02
4.905000000000000000e+02
4.935000000000000000e+02
4.965000000000000000e+02
4.995000000000000000e+02
5.025000000000000000e+02
5.055000000000000000e+02
5.085000000000000000e+02
5.115000000000000000e+02
5.145000000000000000e+02
5.175000000000000000e+02
5.205000000000000000e+02
5.235000000000000000e+02
5.265000000000000000e+02
5.295000000000000000e+02
5.325000000000000000e+02
5.355000000000000000e+02
5.385000000000000000e+02
5.415000000000000000e+02
5.445000000000000000e+02
5.475000000000000000e+02
5.505000000000000000e+02
5.535000000000000000e+02
5.565000000000000000e+02
5.595000000000000000e+02
5.625000000000000000e+02
5.655000000000000000e+02
5.685000000000000000e+02
5.715000000000000000e+02
5.745000000000000000e+02
5.775000000000000000e+02
5.805000000000000000e+02
5.835000000000000000e+02
5.865000000000000000e+02
5.895000000000000000e+02
5.925000000000000000e+02
5.955000000000000000e+02
5.985000000000000000e+02
6.015000000000000000e+02
6.045000000000000000e+02
6.075000000000000000e+02
6.105000000000000000e+02
6.135000000000000000e+02
6.165000000000000000e+02
6.195000000000000000e+02
6.225000000000000000e+02
6.255000000000000000e+02
6.285000000000000000e+02
6.315000000000000000e+02
6.345000000000000000e+02
6.375000000000000000e+02
6.405000000000000000e+02
6.435000000000000000e+02
6.465000000000000000e+02
6.495000000000000000e+02
6.525000000000000000e+02
6.555000000000000000e+02
6.585000000000000000e+02
6.615000000000000000e+02
6.645000000000000000e+02
6.675000000000000000e+02
6.705000000000000000e+02
6.735000000000000000e+02
6.765000000000000000e+02
6.795000000000000000e+02
6.825000000000000000e+02
6.855000000000000000e+02
6.885000000000000000e+02
6.915000000000000000e+02
6.945000000000000000e+02
6.975000000000000000e+02
7.005000000000000000e+02
7.035000000000000000e+02
7.065000000000000000e+02
7.095000000000000000e+02
7.125000000000000000e+02
7.155000000000000000e+02
7.185000000000000000e+02
7.215000000000000000e+02
7.245000000000000000e+02
7.275000000000000000e+02
7.305000000000000000e+02
7.335000000000000000e+02
7.365000000000000000e+02
7.395000000000000000e+02
7.425000000000000000e+02
7.455000000000000000e+02
7.485000000000000000e+02
7.515000000000000000e+02
7.545000000000000000e+02
7.575000000000000000e+02
7.605000000000000000e+02
7.635000000000000000e+02
7.665000000000000000e+02
7.695000000000000000e+02
7.725000000000000000e+02
7.755000000000000000e+02
7.785000000000000000e+02
7.815000000000000000e+02
7.845000000000000000e+02
7.875000000000000000e+02
7.905000000000000000e+02
7.935000000000000000e+02
7.965000000000000000e+02
7.995000000000000000e+02
8.025000000000000000e+02
8.055000000000000000e+02
8.085000000000000000e+02
8.115000000000000000e+02
8.145000000000000000e+02
8.175000000000000000e+02
8.205000000000000000e+02
8.235000000000000000e+02
8.265000000000000000e+02
8.295000000000000000e+02
8.325000000000000000e+02
8.355000000000000000e+02
8.385000000000000000e+02
8.415000000000000000e+02
8.445000000000000000e+02
8.475000000000000000e+02
8.505000000000000000e+02
8.535000000000000000e+02
8.565000000000000000e+02
8.595000000000000000e+02
8.625000000000000000e+02
8.655000000000000000e+02
8.685000000000000000e+02
8.715000000000000000e+02
8.745000000000000000e+02
8.775000000000000000e+02
8.805000000000000000e+02
8.835000000000000000e+02
8.865000000000000000e+02
8.895000000000000000e+02
8.925000000000000000e+02
8.955000000000000000e+02
8.985000000000000000e+02
9.015000000000000000e+02
9.045000000000000000e+02
9.075000000000000000e+02
9.105000000000000000e+02
9.135000000000000000e+02
9.165000000000000000e+02
9.195000000000000000e+02
9.225000000000000000e+02
9.255000000000000000e+02
9.285000000000000000e+02
9.315000000000000000e+02
9.345000000000000000e+02
9.375000000000000000e+02
9.405000000000000000e+02
9.435000000000000000e+02
9.465000000000000000e+02
9.495000000000000000e+02
9.525000000000000000e+02
9.555000000000000000e+02
9.585000000000000000e+02
9.615000000000000000e+02
9.645000000000000000e+02
9.675000000000000000e+02
9.705000000000000000e+02
9.735000000000000000e+02
9.765000000000000000e+02
9.795000000000000000e+02
9.825000000000000000e+02
9.855000000000000000e+02
9.885000000000000000e+02
9.915000000000000000e+02
9.945000000000000000e+02
9.975000000000000000e+02
1.000500000000000000e+03
1.003500000000000000e+03
1.006500000000000000e+03
1.009500000000000000e+03
1.012500000000000000e+03
1.015500000000000000e+03
1.018500000000000000e+03
1.021500000000000000e+03
1.024500000000000000e+03
1.027500000000000000e+03
1.030500000000000000e+03
1.033500000000000000e+03
1.036500000000000000e+03
1.039500000000000000e+03
1.042500000000000000e+03
1.045500000000000000e+03
1.048500000000000000e+03
1.051500000000000000e+03
1.054500000000000000e+03
1.057500000000000000e+03
1.060500000000000000e+03
1.063500000000000000e+03
1.066500000000000000e+03
1.069500000000000000e+03
1.072500000000000000e+03
1.075500000000000000e+03
1.078500000000000000e+03
1.081500000000000000e+03
1.084500000000000000e+03
1.087500000000000000e+03
1.090500000000000000e+03
1.093500000000000000e+03
1.096500000000000000e+03
1.099500000000000000e+03
1.102500000000000000e+03
1.105500000000000000e+03
1.108500000000000000e+03
1.111500000000000000e+03
1.114500000000000000e+03
1.117500000000000000e+03
1.120500000000000000e+03
1.123500000000000000e+03
1.126500000000000000e+03
1.129500000000000000e+03
1.132500000000000000e+03
1.135500000000000000e+03
1.138500000000000000e+03
1.141500000000000000e+03
1.144500000000000000e+03
1.147500000000000000e+03
1.150500000000000000e+03
1.153500000000000000e+03
1.156500000000000000e+03
1.159500000000000000e+03
1.162500000000000000e+03
1.165500000000000000e+03
1.168500000000000000e+03
1.171500000000000000e+03
1.174500000000000000e+03
1.177500000000000000e+03
1.180500000000000000e+03
1.183500000000000000e+03
1.186500000000000000e+03
1.189500000000000000e+03
1.192500000000000000e+03
1.195500000000000000e+03
1.198500000000000000e+03
1.201500000000000000e+03
1.204500000000000000e+03
1.207500000000000000e+03
1.210500000000000000e+03
1.213500000000000000e+03
1.216500000000000000e+03
1.219500000000000000e+03
1.222500000000000000e+03
1.225500000000000000e+03
1.228500000000000000e+03
1.231500000000000000e+03
1.234500000000000000e+03
1.237500000000000000e+03
1.240500000000000000e+03
1.243500000000000000e+03
1.246500000000000000e+03
1.249500000000000000e+03
1.252500000000000000e+03
1.255500000000000000e+03
1.258500000000000000e+03
1.261500000000000000e+03
1.264500000000000000e+03
1.267500000000000000e+03
1.270500000000000000e+03
1.273500000000000000e+03
1.276500000000000000e+03
1.279500000000000000e+03
1.282500000000000000e+03
1.285500000000000000e+03
1.288500000000000000e+03
1.291500000000000000e+03
1.294500000000000000e+03
1.297500000000000000e+03
1.300500000000000000e+03
1.303500000000000000e+03
1.306500000000000000e+03
1.309500000000000000e+03
1.312500000000000000e+03
1.315500000000000000e+03
1.318500000000000000e+03
1.321500000000000000e+03
1.324500000000000000e+03
1.327500000000000000e+03
1.330500000000000000e+03
1.333500000000000000e+03
1.336500000000000000e+03
1.339500000000000000e+03
1.342500000000000000e+03
1.345500000000000000e+03
1.348500000000000000e+03
1.351500000000000000e+03
1.354500000000000000e+03
1.357500000000000000e+03
1.360500000000000000e+03
1.363500000000000000e+03
1.366500000000000000e+03
1.369500000000000000e+03
1.372500000000000000e+03
1.375500000000000000e+03
1.378500000000000000e+03
1.381500000000000000e+03
1.384500000000000000e+03
1.387500000000000000e+03
1.390500000000000000e+03
1.393500000000000000e+03
1.396500000000000000e+03
1.399500000000000000e+03
1.402500000000000000e+03
1.405500000000000000e+03
1.408500000000000000e+03
1.411500000000000000e+03
1.414500000000000000e+03
1.417500000000000000e+03
1.420500000000000000e+03
1.423500000000000000e+03
1.426500000000000000e+03
1.429500000000000000e+03
1.432500000000000000e+03
1.435500000000000000e+03
1.438500000000000000e+03
1.441500000000000000e+03
1.444500000000000000e+03
1.447500000000000000e+03
1.450500000000000000e+03
1.453500000000000000e+03
1.456500000000000000e+03
1.459500000000000000e+03
1.462500000000000000e+03
1.465500000000000000e+03
1.468500000000000000e+03
1.471500000000000000e+03
1.474500000000000000e+03
1.477500000000000000e+03
1.480500000000000000e+03
1.483500000000000000e+03
1.486500000000000000e+03
1.489500000000000000e+03
1.492500000000000000e+03
1.495500000000000000e+03
1.498500000000000000e+03
1.501500000000000000e+03
1.504500000000000000e+03
1.507500000000000000e+03
1.510500000000000000e+03
1.513500000000000000e+03
1.516500000000000000e+03
1.519500000000000000e+03
1.522500000000000000e+03
1.525500000000000000e+03
1.528500000000000000e+03
1.531500000000000000e+03
1.534500000000000000e+03
1.537500000000000000e+03
1.540500000000000000e+03
1.543500000000000000e+03
1.546500000000000000e+03
1.549500000000000000e+03
1.552500000000000000e+03
1.555500000000000000e+03
1.558500000000000000e+03
1.561500000000000000e+03
1.564500000000000000e+03
1.567500000000000000e+03
1.570500000000000000e+03
1.573500000000000000e+03
1.576500000000000000e+03
1.579500000000000000e+03
1.582500000000000000e+03
1.585500000000000000e+03
1.588500000000000000e+03
1.591500000000000000e+03
1.594500000000000000e+03
1.597500000000000000e+03
1.600500000000000000e+03
1.603500000000000000e+03
1.606500000000000000e+03
1.609500000000000000e+03
1.612500000000000000e+03
1.615500000000000000e+03
1.618500000000000000e+03
1.621500000000000000e+03
1.624500000000000000e+03
1.627500000000000000e+03
1.630500000000000000e+03
1.633500000000000000e+03
1.636500000000000000e+03
1.639500000000000000e+03
1.642500000000000000e+03
1.645500000000000000e+03
1.648500000000000000e+03
1.651500000000000000e+03
1.654500000000000000e+03
1.657500000000000000e+03
1.660500000000000000e+03
1.663500000000000000e+03
1.666500000000000000e+03
1.669500000000000000e+03
1.672500000000000000e+03
1.675500000000000000e+03
1.678500000000000000e+03
1.681500000000000000e+03
1.684500000000000000e+03
1.687500000000000000e+03
1.690500000000000000e+03
1.693500000000000000e+03
1.696500000000000000e+03
1.699500000000000000e+03
1.702500000000000000e+03
1.705500000000000000e+03
1.708500000000000000e+03
1.711500000000000000e+03
1.714500000000000000e+03
1.717500000000000000e+03
1.720500000000000000e+03
1.723500000000000000e+03
1.726500000000000000e+03
1.729500000000000000e+03
1.732500000000000000e+03
1.735500000000000000e+03
1.738500000000000000e+03
1.741500000000000000e+03
1.744500000000000000e+03
1.747500000000000000e+03
1.750500000000000000e+03
1.753500000000000000e+03
1.756500000000000000e+03
1.759500000000000000e+03
1.762500000000000000e+03
1.765500000000000000e+03
1.768500000000000000e+03
1.771500000000000000e+03
1.774500000000000000e+03
1.777500000000000000e+03
1.780500000000000000e+03
1.783500000000000000e+03
1.786500000000000000e+03
1.789500000000000000e+03
1.792500000000000000e+03
1.795500000000000000e+03
1.798500000000000000e+03
